[app/ui]
version = 6.5.0
modtime = 1474977431.004021000

[app/launcher]
version = 6.5.0
modtime = 1474977431.005442000
